1	86
1	146
1	207
1	251
2	48
2	86
2	146
2	207
2	251
3	48
3	86
3	207
3	251
4	86
4	146
4	207
4	251
5	86
5	146
5	207
5	233
5	251
6	48
6	86
6	146
6	207
6	251
7	57
7	86
7	146
7	207
7	233
7	251
8	86
8	146
8	207
8	251
9	86
9	207
9	251
10	86
10	207
10	233
10	251
13	233
14	207
16	233
16	248
17	233
17	248
18	86
18	207
18	275
18	293
19	146
19	315
20	86
20	146
20	233
20	248
20	275
20	326
22	48
22	146
11	29
11	66
11	89
11	146
11	237
12	29
12	66
12	89
12	144
12	146
12	237
30	57
30	150
30	153
30	196
41	207
42	207
43	207
52	48
52	57
52	146
52	207
52	233
53	48
53	96
53	185
53	207
53	273
53	287
53	294
53	336
54	48
54	96
54	294
55	146
55	156
55	207
55	233
55	287
58	48
58	86
58	251
58	293
58	330
58	335
68	86
68	207
68	275
73	146
93	146
93	233
93	330
94	146
95	48
95	86
95	146
95	207
95	233
95	275
95	293
95	326
98	29
98	66
98	204
98	237
99	29
99	66
99	204
99	237
100	277
101	125
102	146
104	146
109	207
109	233
110	77
110	86
110	330
111	185
112	48
112	86
112	87
112	156
112	207
112	233
112	266
113	330
114	48
114	86
114	87
114	156
114	207
114	233
114	293
115	48
115	187
115	207
115	233
115	275
115	293
115	294
115	330
117	48
117	187
117	207
117	233
117	275
117	293
117	294
117	330
120	33
120	146
120	233
121	33
124	66
124	146
124	207
124	285
125	233
126	33
129	233
130	48
130	49
130	86
130	105
130	158
130	185
130	187
130	207
130	212
130	214
130	233
130	251
130	285
130	302
123	48
123	184
123	185
123	187
123	211
123	216
123	231
123	282
123	293
131	156
131	187
131	282
132	39
132	146
132	184
132	185
132	187
132	211
132	216
132	220
132	231
132	273
132	282
132	285
132	293
133	39
133	146
133	187
133	220
133	282
133	285
134	48
134	57
134	86
134	146
134	149
134	185
134	207
134	211
134	212
134	251
134	275
134	293
136	146
136	187
136	192
136	330
137	192
138	48
138	66
138	192
138	275
138	293
139	66
139	192
139	335
140	207
141	192
142	146
142	156
144	207
147	146
148	187
135	57
135	86
135	149
135	185
135	207
135	211
135	212
135	251
151	57
151	211
151	251
154	86
154	207
154	251
154	275
154	293
154	326
156	146
156	207
159	336
161	57
161	66
161	146
161	187
161	233
161	315
162	146
163	146
165	207
168	207
168	315
169	57
169	66
169	156
169	207
169	233
169	275
169	293
170	57
170	66
170	156
170	233
171	146
171	156
171	207
171	233
171	335
172	57
172	86
172	149
172	185
172	207
172	211
172	212
172	251
173	57
173	86
173	146
173	149
173	185
173	207
173	211
173	212
173	233
173	251
174	57
174	146
174	211
174	212
174	233
174	251
176	57
176	330
177	77
177	86
177	330
178	146
181	146
182	146
182	207
183	48
183	187
183	237
183	315
184	66
184	114
184	146
184	163
175	48
175	57
175	86
175	149
175	185
175	207
175	211
175	251
175	275
175	293
186	57
186	211
186	251
186	315
187	47
187	48
187	77
187	86
187	96
187	124
187	131
187	145
187	146
187	207
187	214
187	233
187	251
187	275
187	285
187	293
187	294
187	326
188	146
188	207
188	233
189	146
191	146
191	207
191	315
192	66
192	207
192	233
192	275
192	293
192	326
193	146
193	336
194	207
195	207
197	146
198	146
198	207
199	207
201	146
201	233
201	330
202	86
202	187
202	214
202	233
202	275
202	285
202	326
202	330
203	233
203	285
203	330
204	86
204	187
204	207
204	233
204	275
204	293
204	326
205	57
205	156
205	207
207	66
208	66
208	146
208	187
150	66
150	86
150	146
150	187
150	275
150	315
150	326
150	332
209	66
209	86
209	146
209	207
209	275
209	315
209	326
210	275
210	293
210	326
211	146
211	207
212	146
213	285
213	315
214	146
215	187
215	207
216	146
216	156
216	233
219	146
220	146
222	146
222	233
218	4
218	146
218	187
218	207
218	251
218	315
223	4
223	48
223	86
223	146
223	187
223	207
223	251
223	275
223	293
223	315
224	207
225	187
225	207
225	233
225	315
226	146
229	146
230	146
230	330
231	146
235	146
235	207
235	233
235	315
236	146
236	207
236	315
237	86
237	146
237	207
237	275
237	293
238	86
238	146
238	207
238	275
238	293
239	207
239	251
239	315
240	146
240	207
240	315
249	86
249	146
249	207
249	275
249	293
249	299
250	146
250	233
258	330
261	146
267	146
268	293
269	233
272	146
266	207
273	207
275	146
276	146
276	156
274	48
274	86
274	207
274	233
274	259
279	48
279	146
279	207
280	48
280	207
282	233
284	146
285	146
289	146
289	156
289	251
289	252
289	329
290	146
290	251
290	252
290	329
293	98
297	156
297	233
298	146
299	285
300	233
302	146
302	233
303	146
312	146
313	146
316	146
319	146
319	233
328	285
329	146
329	233
338	233
345	146
346	233
348	146
348	233
350	146
351	146
352	233
358	146
364	146
365	146
372	146
373	146
393	146
394	146
395	146
396	146
397	146
398	146
399	146
400	146
405	146
406	146
407	146
408	146
502	315
503	315
504	315
519	48
519	207
519	315
520	48
520	207
520	315
522	57
522	86
522	149
522	185
522	207
522	211
522	251
522	315
523	57
523	211
523	251
523	315
525	57
525	211
525	251
525	315
521	48
521	207
521	315
536	207
538	146
538	251
540	57
540	233
201	212
225	212
240	212
115	212
124	212
123	212
218	212
274	212
161	212
213	212
9	315
20	16
115	49
176	251
177	251
178	251
225	250
218	16
223	16
176	48
177	48
178	48
110	48
316	48
182	48
18	305
192	305
313	305
241	305
124	305
145	305
328	305
58	190
129	190
222	190
258	190
287	190
172	140
187	140
187	273
52	273
13	273
114	273
539	273
110	273
135	273
526	273
316	273
4	273
115	110
136	190
137	190
140	190
141	190
204	273
169	251
202	224
203	224
130	241
22	251
188	48
320	277
191	201
537	158
67	158
68	158
130	275
187	57
3	273
272	285
219	273
11	273
99	273
128	273
272	273
17	273
19	273
210	273
199	273
103	273
159	273
193	273
271	273
170	273
192	273
125	273
236	273
239	273
176	273
177	273
519	273
339	273
219	48
11	48
99	48
128	48
272	48
17	48
19	48
210	48
526	48
199	48
103	48
159	48
193	48
271	48
170	48
192	48
125	48
236	48
239	48
339	48
219	224
11	224
99	224
128	224
272	224
17	224
19	224
210	224
526	224
199	224
103	224
159	224
193	224
271	224
170	224
192	224
125	224
236	224
239	224
176	224
177	224
316	224
519	224
339	224
229	224
230	224
231	224
232	224
285	224
197	224
304	224
134	224
135	224
172	224
173	224
175	224
250	224
229	48
230	48
231	48
232	48
285	48
197	48
304	48
135	48
172	48
173	48
250	48
229	273
230	273
231	273
232	273
285	273
197	273
304	273
134	273
172	273
173	273
175	273
250	273
1	1
2	1
3	1
110	1
112	1
114	1
124	1
123	1
132	1
133	1
187	1
204	288
53	190
55	190
134	190
175	190
205	190
223	190
224	190
279	190
303	190
274	192
279	192
280	192
134	288
218	288
223	288
224	288
225	288
274	288
168	4
19	16
115	16
134	16
175	16
202	293
203	293
138	34
139	34
187	34
202	34
18	38
19	38
72	38
73	38
95	38
109	38
115	38
117	38
121	38
123	38
131	38
141	38
158	38
187	38
191	38
207	38
208	38
214	38
283	38
302	38
318	38
319	38
334	38
411	38
425	38
426	38
453	38
490	38
431	38
502	38
503	38
504	38
522	38
523	38
526	38
536	38
112	41
162	41
163	41
175	212
522	212
523	212
112	335
14	335
15	335
182	335
187	335
203	47
519	47
520	47
525	47
521	47
21	48
122	48
163	48
181	48
202	48
203	48
218	48
237	48
328	48
350	48
361	48
374	48
375	48
376	48
377	48
502	48
503	48
504	48
14	251
15	251
55	251
110	251
114	251
164	251
214	251
274	251
316	251
328	251
502	251
503	251
504	251
110	60
130	60
132	60
133	60
177	60
178	60
188	60
205	60
283	60
316	60
329	60
370	60
371	60
55	336
112	336
114	336
115	336
130	336
131	336
132	336
133	336
274	336
111	287
203	287
272	287
290	287
328	287
201	187
19	187
21	191
187	198
522	187
14	86
15	86
156	86
349	86
55	86
102	87
103	87
134	87
144	87
135	87
175	87
241	87
525	87
298	101
138	87
187	87
230	55
158	8
181	8
182	8
316	8
322	8
323	8
540	8
16	8
17	8
18	8
125	8
130	8
142	8
144	8
159	8
160	8
176	8
178	8
188	8
204	8
536	8
13	113
11	113
12	113
52	113
53	113
54	113
55	113
110	113
111	113
112	113
114	113
124	113
159	113
160	113
164	113
176	113
177	113
175	113
204	113
225	113
280	113
284	113
313	113
539	113
540	113
187	117
495	94
214	326
19	326
72	326
73	326
100	326
108	326
110	326
120	326
121	326
124	326
134	326
135	326
151	326
161	326
172	326
175	326
186	326
203	326
241	326
275	326
274	326
279	326
280	326
299	326
310	326
348	326
494	326
526	326
18	326
1	103
2	103
3	103
4	103
5	103
6	103
7	103
8	103
9	103
10	103
328	128
41	131
42	131
43	131
105	131
328	131
117	132
131	132
136	132
137	132
138	132
139	132
187	132
187	66
187	242
187	243
187	244
1	142
2	142
3	142
4	142
5	142
6	142
7	142
8	142
9	142
10	142
11	142
12	142
94	142
98	142
99	142
111	142
117	142
130	142
136	142
137	142
138	142
139	142
141	142
135	142
151	142
158	142
182	142
187	142
202	142
225	142
331	142
342	142
350	142
123	142
98	146
99	146
100	146
204	303
115	151
123	151
136	151
137	151
138	151
139	151
176	151
177	151
178	151
11	153
12	153
162	153
163	153
164	153
169	153
170	153
219	153
235	153
236	153
237	153
238	153
239	153
318	153
321	153
58	57
177	57
274	57
11	57
12	57
14	57
15	57
53	57
54	57
115	57
204	57
202	160
132	158
133	158
134	158
135	158
172	158
173	158
174	158
175	158
187	158
150	158
209	158
522	158
523	158
1	158
2	158
3	158
519	158
520	158
521	158
132	251
133	251
240	251
10	273
13	57
18	57
21	57
114	57
168	57
202	57
203	57
134	189
135	189
172	189
173	189
174	189
175	189
522	189
523	189
182	293
11	63
12	63
187	53
1	312
2	312
3	312
4	312
5	312
6	312
7	312
8	312
9	312
10	312
202	312
203	312
538	312
52	184
136	184
137	184
171	184
272	184
299	184
330	184
440	184
496	184
431	184
11	207
12	207
163	207
1	210
2	210
3	210
7	210
94	210
101	210
111	210
115	210
124	210
145	210
146	210
161	210
165	210
168	210
178	210
185	210
188	210
204	210
207	210
219	210
235	210
239	210
260	210
278	210
284	210
312	210
320	210
334	210
336	210
345	210
351	210
374	210
375	210
376	210
377	210
383	210
429	210
440	210
444	210
452	210
455	210
456	210
457	210
460	210
462	210
463	210
465	210
470	210
475	210
482	210
483	210
485	210
491	210
493	210
494	210
498	210
431	210
514	210
539	210
211	211
212	211
1	224
2	224
3	224
4	224
5	224
6	224
7	224
8	224
9	224
10	224
186	48
124	221
204	221
202	221
203	221
22	223
41	223
42	223
43	223
52	223
53	223
54	223
102	223
103	223
127	223
128	223
134	223
138	223
139	223
135	223
171	223
172	223
173	223
174	223
175	223
241	223
519	223
520	223
522	223
523	223
521	223
142	224
410	224
164	184
183	234
53	240
269	231
276	231
430	231
21	241
55	241
134	241
175	241
187	64
11	242
12	242
183	242
202	68
203	68
199	257
200	257
134	40
135	40
172	40
173	40
174	40
175	40
229	40
288	40
289	40
290	40
304	40
342	40
396	40
522	40
523	40
182	59
187	59
537	143
189	62
115	269
7	273
54	273
55	273
58	273
93	273
115	273
130	273
218	273
237	273
238	273
269	273
525	273
540	273
115	100
1	275
2	275
3	275
4	275
5	275
6	275
7	275
8	275
9	275
10	275
131	275
147	275
152	275
162	275
163	275
177	275
203	275
536	275
196	275
289	71
290	71
1	282
2	282
3	282
4	282
5	282
6	282
7	282
8	282
9	282
10	282
1	309
2	309
3	309
109	309
113	309
129	309
149	309
186	309
187	309
208	309
222	309
225	309
227	309
228	309
231	309
270	309
293	309
294	309
295	309
306	309
322	309
323	309
346	309
540	309
123	283
123	200
126	286
188	286
308	286
1	218
2	218
3	218
4	218
5	218
6	218
7	218
8	218
9	218
10	218
202	218
203	218
538	218
1	13
2	13
3	13
4	13
5	13
6	13
13	13
19	13
11	13
12	13
53	13
54	13
55	13
93	13
95	13
98	13
99	13
102	13
105	13
108	13
112	13
114	13
115	13
120	13
130	13
131	13
132	13
133	13
134	13
156	13
159	13
160	13
162	13
163	13
177	13
178	13
188	13
203	13
208	13
216	13
227	13
228	13
235	13
269	13
293	13
294	13
295	13
296	13
297	13
313	13
322	13
323	13
334	13
342	13
502	13
503	13
504	13
4	260
108	260
115	260
263	260
270	260
271	260
276	260
19	293
133	293
142	293
280	293
290	293
395	293
401	293
402	293
526	293
103	293
159	293
160	293
208	293
14	293
15	293
53	301
54	301
105	301
11	304
12	304
100	304
111	304
142	304
144	304
537	304
218	307
115	32
278	315
164	263
187	263
229	322
230	322
231	322
232	322
11	162
12	162
98	162
99	162
130	162
185	162
145	331
134	193
135	193
172	193
173	193
174	193
175	193
522	193
523	193
111	207
19	251
210	251
279	251
280	251
394	251
519	251
520	251
526	251
521	251
274	224
130	340
145	340
183	340
283	340
345	340
412	340
519	340
520	340
521	340
183	307
13	250
109	86
6	83
183	251
221	72
130	72
351	57
125	187
274	187
120	187
484	187
109	30
123	30
345	291
187	8
11	307
12	307
176	225
30	327
98	327
99	327
41	327
42	327
43	327
109	272
114	35
123	315
131	315
162	8
163	8
130	57
137	187
136	83
137	83
43	83
41	83
42	83
202	8
224	187
138	187
140	187
139	187
282	72
274	275
279	275
280	275
184	63
67	259
68	259
276	291
134	184
135	184
172	184
173	184
174	184
175	184
134	132
135	132
151	132
175	132
186	132
18	132
19	132
526	132
144	132
142	132
285	132
229	132
230	132
231	132
232	132
288	132
290	132
120	293
207	189
187	187
201	293
115	168
489	326
19	75
207	75
199	75
200	75
30	203
142	251
181	142
457	151
457	57
316	134
177	134
176	134
136	207
137	207
188	275
157	224
158	224
154	224
187	137
374	273
375	273
205	273
8	273
112	293
136	131
137	131
138	131
139	131
140	131
141	131
130	88
274	51
274	81
9	57
1	57
2	57
8	57
6	57
10	57
5	57
4	57
3	57
187	51
288	51
289	51
290	51
229	51
230	51
231	51
232	51
233	51
234	51
76	293
391	48
144	48
165	48
344	48
348	48
55	8
133	8
161	8
188	174
134	131
135	131
172	131
173	131
174	131
175	131
125	131
187	231
236	231
112	8
114	8
193	8
197	326
198	326
68	288
104	207
294	207
295	207
241	207
188	251
188	168
18	251
390	251
241	228
4	228
106	51
107	51
101	89
168	89
287	89
162	132
163	132
328	132
293	203
192	51
207	51
293	51
274	47
274	132
115	318
204	318
154	273
130	51
10	51
111	51
53	51
54	51
312	51
19	51
175	51
132	51
133	51
21	51
22	51
241	51
115	190
211	190
212	190
164	190
210	190
202	288
136	288
137	288
140	288
115	288
519	326
520	326
521	326
323	93
351	93
263	93
250	93
251	93
252	93
253	93
254	93
255	93
256	93
150	153
209	153
122	153
483	153
25	153
95	168
9	306
1	306
2	306
3	306
6	306
10	306
7	306
5	306
4	306
8	306
134	232
115	5
115	35
336	207
350	207
55	242
350	242
241	242
188	62
274	227
241	251
241	273
184	242
187	62
130	62
10	62
111	62
293	62
312	62
19	62
175	62
21	62
161	48
176	336
135	259
172	259
124	242
147	242
188	242
328	242
100	242
52	304
181	304
13	326
9	326
320	326
526	57
537	57
115	76
183	18
241	314
55	35
161	12
333	12
30	154
210	114
218	114
55	338
207	338
114	338
176	255
177	255
110	255
316	255
182	255
156	255
22	8
126	8
177	8
158	149
203	190
123	190
177	11
188	11
334	11
55	33
262	232
130	327
282	327
221	327
112	341
114	341
123	31
109	269
130	326
123	240
192	157
124	157
52	157
120	157
537	274
142	274
144	274
274	274
20	187
134	338
135	338
172	338
175	338
350	211
185	37
52	37
20	100
146	207
151	48
158	48
187	16
114	51
122	51
145	51
182	51
202	51
203	51
142	51
144	51
537	51
202	78
526	335
538	207
526	207
182	158
537	48
142	48
105	86
100	275
161	109
213	109
269	109
203	109
187	109
130	213
214	213
112	224
502	277
204	48
280	307
151	207
454	232
537	232
30	232
124	57
203	240
202	240
52	240
241	182
22	242
235	251
182	251
30	251
117	57
497	62
268	251
214	293
130	242
115	224
117	224
130	224
30	224
207	153
241	48
31	120
142	120
144	120
130	131
123	275
187	9
354	11
192	11
22	62
235	62
1	8
1	33
1	51
1	190
1	273
1	324
2	8
2	33
2	51
2	190
2	273
2	324
3	8
3	33
3	51
3	190
3	324
4	33
4	190
5	33
5	190
5	273
6	33
6	190
6	273
7	10
7	33
7	190
8	33
8	190
9	33
9	190
9	273
10	33
10	190
13	11
14	10
14	62
14	215
15	10
15	62
15	215
16	48
16	207
16	251
17	207
17	251
18	34
18	333
19	60
19	333
20	48
20	207
20	224
21	35
21	131
11	80
11	104
11	163
11	240
24	10
27	10
12	80
12	104
12	163
12	240
31	209
41	57
41	240
42	57
42	240
43	57
43	240
46	10
47	10
48	224
52	59
52	62
52	224
52	251
53	10
53	66
53	186
53	189
53	224
53	251
54	10
54	66
54	189
54	224
54	251
55	57
55	62
55	288
55	326
60	10
67	131
68	131
79	10
80	10
81	10
82	10
83	10
84	10
85	10
86	10
93	12
94	293
94	326
95	251
98	104
98	163
98	307
99	8
99	104
99	163
101	70
102	8
105	34
105	62
105	224
106	184
107	184
110	57
110	87
111	86
111	224
112	59
112	251
114	224
115	31
115	86
115	139
115	251
115	303
117	10
117	51
120	10
120	128
120	207
120	224
121	10
122	251
124	10
124	251
125	251
126	57
126	86
126	128
130	85
130	190
130	215
130	286
123	62
131	224
131	251
132	8
132	324
133	231
133	324
134	8
134	10
134	35
134	215
134	219
336	131
314	131
98	144
99	144
30	162
98	164
99	164
100	164
235	164
236	164
336	275
205	275
134	226
187	226
218	226
240	226
18	226
112	226
237	226
238	226
267	293
503	277
504	277
19	15
53	15
54	15
202	15
307	15
124	318
142	318
276	318
336	318
188	224
163	326
177	12
188	12
303	12
334	12
218	87
522	87
523	87
262	48
114	240
115	240
171	81
136	212
136	219
137	212
137	219
100	48
100	86
100	203
100	207
100	211
100	273
100	293
100	329
336	48
336	86
336	203
336	211
336	273
336	293
336	329
475	48
475	86
475	203
475	207
475	211
475	273
475	293
475	329
218	173
262	47
214	62
204	190
191	326
519	112
520	112
521	112
214	112
215	112
537	112
127	112
128	112
142	112
144	112
147	112
178	273
342	87
343	87
158	293
140	326
277	48
162	57
163	57
215	269
136	251
137	251
192	251
138	207
139	207
138	326
139	326
138	8
139	8
197	336
198	336
519	66
520	66
521	66
320	79
169	21
170	21
336	59
239	59
11	59
12	59
350	59
203	187
142	186
445	186
136	59
137	59
364	57
365	57
111	131
112	131
123	131
132	131
133	131
214	48
176	275
191	59
169	273
135	190
172	190
173	190
174	190
522	190
523	190
154	8
156	8
175	8
210	8
213	8
241	8
522	8
523	8
526	8
204	289
142	207
289	203
134	333
135	333
151	333
175	333
186	333
526	333
202	190
538	190
202	131
203	131
182	62
181	251
178	224
182	224
208	224
161	131
331	131
216	251
505	251
135	219
172	219
173	219
174	219
175	219
522	219
523	219
169	63
170	63
241	226
412	259
474	259
215	66
227	207
162	224
163	224
539	11
176	51
177	51
178	51
522	48
523	48
108	146
111	146
219	62
186	216
211	216
212	216
288	209
312	209
483	209
431	209
183	248
163	65
350	65
214	275
156	123
187	89
187	35
188	35
202	35
203	35
219	35
235	51
235	48
400	251
268	326
210	236
249	236
283	236
285	236
522	236
523	236
211	163
212	163
203	251
205	251
224	251
410	251
137	224
144	224
147	224
169	224
186	224
194	224
196	224
201	224
235	224
240	224
263	224
267	224
276	224
281	224
282	224
284	224
299	224
311	224
329	224
352	224
378	224
385	224
389	224
425	224
426	224
445	224
450	224
469	224
472	224
486	224
513	224
539	224
497	48
293	326
164	187
187	67
187	338
208	179
201	251
412	62
136	57
137	57
187	85
146	251
537	275
191	83
183	104
183	163
178	57
146	62
157	62
239	62
271	207
214	273
147	207
274	35
274	67
250	174
400	275
218	190
138	10
139	10
135	10
151	10
154	10
164	10
166	10
173	10
174	10
188	10
199	10
210	10
213	10
214	10
215	10
235	10
236	10
237	10
238	10
254	10
260	10
271	10
266	10
276	10
277	10
274	10
282	10
292	10
299	10
310	10
320	10
329	10
330	10
356	10
387	10
433	10
443	10
446	10
468	10
473	10
480	10
489	10
492	10
502	10
503	10
504	10
508	10
522	10
523	10
534	10
187	298
148	303
156	303
159	303
160	303
169	303
170	303
175	303
187	303
192	303
336	100
186	100
187	100
150	100
209	100
123	100
55	100
154	100
165	100
204	100
250	100
276	48
393	48
262	132
274	293
187	212
340	62
269	251
16	326
17	326
114	326
115	326
161	87
22	250
138	168
138	251
187	168
135	215
172	215
173	215
174	215
175	215
522	215
523	215
11	180
12	180
336	180
183	180
337	180
293	180
311	180
113	180
305	180
299	180
98	180
99	180
526	180
241	180
186	180
131	324
187	324
150	62
209	62
345	174
345	303
161	27
161	28
161	144
211	27
211	28
211	144
212	27
212	28
212	144
236	27
236	28
236	144
187	262
182	86
284	86
322	86
383	86
428	86
445	86
465	86
470	86
476	86
156	51
157	226
336	38
138	38
201	273
336	87
117	87
185	242
185	245
350	245
156	231
159	231
160	231
193	231
169	146
170	146
268	184
214	184
486	87
218	317
218	316
202	128
203	128
11	335
12	335
114	335
98	335
99	335
100	335
53	335
54	335
177	335
505	335
539	335
540	335
519	335
520	335
521	335
122	335
188	335
191	335
263	335
354	335
31	335
33	335
35	335
219	293
392	48
7	313
540	313
52	313
134	259
173	259
175	259
522	259
114	157
171	157
1	293
522	117
523	117
274	240
187	45
204	203
502	258
503	258
504	258
72	47
73	47
183	207
197	59
198	59
112	275
114	275
187	330
435	208
290	77
55	208
53	264
54	264
5	264
537	335
144	335
136	62
137	62
201	276
107	276
120	276
339	276
11	248
269	248
223	248
224	248
225	248
266	248
273	248
374	326
375	326
187	2
450	117
14	16
288	251
229	251
230	251
231	251
232	251
285	251
124	87
54	87
23	87
108	87
150	203
209	203
218	203
235	203
188	203
22	203
187	203
280	203
10	203
176	203
121	203
130	112
144	273
235	223
235	131
313	147
16	16
17	16
522	184
523	184
538	163
1	163
2	163
3	163
4	163
5	163
6	163
7	163
8	163
9	163
10	163
146	87
187	184
170	251
132	59
133	59
55	89
93	89
202	89
203	89
522	89
523	89
211	250
212	250
279	187
280	187
114	131
329	131
299	240
539	293
540	293
13	293
21	259
22	259
241	235
127	131
192	336
112	117
114	117
130	59
263	48
390	48
400	48
52	326
354	98
105	326
223	335
226	335
216	139
124	139
303	139
53	139
54	139
466	293
297	273
176	293
177	293
178	293
178	275
274	87
274	335
274	60
279	87
279	335
279	60
280	87
280	335
280	60
274	273
274	310
279	273
279	310
280	273
280	310
275	48
202	254
203	254
1	60
2	60
3	60
4	60
5	60
6	60
7	60
8	60
9	60
10	60
237	60
238	60
211	60
212	60
518	259
163	87
4	288
53	288
54	288
13	288
539	288
299	251
208	336
136	254
137	254
138	254
139	254
140	254
141	254
340	254
72	254
73	254
207	254
192	254
208	254
522	254
523	254
525	254
210	254
188	254
191	254
372	254
373	254
117	254
187	254
271	254
400	254
165	254
299	254
103	254
205	254
274	254
120	117
120	62
178	117
55	48
335	184
145	60
183	60
164	293
49	59
439	59
346	48
348	128
348	207
115	279
213	132
20	128
55	59
51	48
117	131
117	273
223	35
224	35
55	117
14	59
15	59
172	117
136	48
137	48
290	48
411	222
302	222
387	62
388	62
110	293
218	168
132	57
133	57
162	91
163	91
164	91
202	87
130	168
130	92
150	168
209	168
169	198
170	198
176	198
177	198
19	86
266	168
273	168
269	48
110	117
162	128
163	128
176	128
177	128
178	128
271	128
55	128
241	128
538	128
9	128
502	128
503	128
504	128
178	62
178	142
11	277
12	277
201	277
218	277
223	277
224	277
225	277
133	277
212	277
235	277
539	57
299	57
72	57
73	57
348	57
201	57
109	57
214	57
150	57
209	57
207	57
111	57
282	57
28	57
154	57
20	57
120	57
16	57
17	57
314	57
187	163
483	207
53	293
54	293
197	74
198	74
4	286
67	286
68	286
100	286
142	286
229	286
230	286
231	286
232	286
233	286
234	286
187	286
202	168
203	168
225	98
171	57
52	151
274	59
169	59
169	48
169	87
170	59
170	87
171	59
171	48
171	87
41	48
42	48
43	48
343	157
350	117
115	117
350	62
115	62
239	57
125	57
31	251
181	162
14	131
15	131
350	273
378	57
11	87
11	128
11	112
41	87
41	128
41	112
42	87
42	128
42	112
43	87
43	128
43	112
120	87
120	112
126	87
126	112
151	87
151	128
151	112
176	87
176	112
184	87
184	128
184	112
328	59
191	275
182	60
187	112
1	240
2	240
3	240
4	240
5	240
6	240
7	240
8	240
9	240
10	240
136	240
137	240
139	240
140	240
141	240
218	26
223	26
224	26
225	26
235	26
236	26
237	26
238	26
239	26
240	26
41	32
42	32
43	32
394	48
293	128
111	128
111	326
163	335
164	335
115	128
111	275
181	275
1	128
114	62
98	62
99	62
100	62
177	102
205	223
329	223
142	223
144	223
537	223
120	223
157	223
158	223
135	226
175	226
210	226
19	226
186	226
142	226
192	226
348	226
173	226
174	226
522	226
523	226
502	226
503	226
504	226
224	48
132	180
133	180
41	326
42	326
43	326
113	334
274	184
134	266
95	266
1	48
14	250
15	250
538	250
176	208
177	208
178	208
182	208
316	208
156	208
110	208
187	174
223	174
224	174
236	174
52	306
238	306
348	306
342	306
138	306
139	306
135	250
279	250
280	250
1	250
2	250
3	250
4	250
5	250
6	250
7	250
8	250
9	250
10	250
11	62
12	62
279	59
280	59
169	329
170	329
539	251
136	208
137	208
519	131
520	131
521	131
197	250
198	250
223	242
224	242
538	242
135	335
172	335
20	335
227	48
228	48
157	190
53	87
181	112
202	202
204	231
176	207
177	207
178	207
130	239
526	239
522	239
523	239
132	87
133	87
213	87
215	87
526	87
173	87
174	87
114	41
131	41
187	41
336	41
1	41
2	41
3	41
276	187
16	187
17	187
5	48
130	87
4	197
9	197
336	326
181	326
322	326
323	326
324	326
22	131
540	117
157	117
263	246
279	159
11	235
12	235
98	235
99	235
100	235
182	117
187	266
536	87
112	272
189	224
302	131
179	113
157	113
505	113
439	113
335	113
355	113
316	113
21	113
516	113
178	113
323	113
293	113
112	100
132	193
181	293
274	300
176	41
177	41
178	41
110	41
316	41
263	59
204	117
502	261
503	261
504	261
188	310
175	187
209	48
138	57
139	57
140	57
141	57
328	193
316	335
178	335
110	335
134	335
176	335
175	335
173	335
174	335
522	335
523	335
1	59
2	59
3	59
115	321
501	13
115	60
117	60
13	112
299	112
539	112
333	13
161	13
183	235
378	335
290	57
202	251
55	226
18	131
241	131
120	131
177	131
157	131
354	57
135	146
151	146
172	146
124	211
18	224
187	224
181	224
213	48
328	188
156	306
431	190
112	184
197	335
198	335
11	151
12	151
350	334
115	334
391	57
187	319
336	319
192	319
470	326
115	208
131	293
193	87
105	87
505	87
98	87
99	87
197	87
198	87
8	326
293	117
130	330
241	330
11	330
12	330
279	330
100	330
106	330
107	330
519	341
520	341
521	341
161	293
211	293
212	293
300	57
130	250
336	224
489	224
241	224
198	224
150	211
150	231
150	190
117	59
202	59
134	59
214	59
18	59
225	59
4	59
204	59
274	117
279	117
280	117
73	117
274	62
279	62
280	62
73	62
447	16
6	293
225	117
225	62
41	73
42	73
43	73
102	59
502	330
503	330
504	330
55	330
112	85
114	85
482	162
387	135
388	135
389	135
390	135
391	135
392	135
393	135
394	135
397	135
396	135
398	135
399	135
400	135
279	277
280	277
13	142
93	142
165	142
161	142
13	62
93	62
165	62
141	62
161	62
14	142
15	142
138	62
139	62
276	131
22	326
519	87
520	87
521	87
163	296
350	296
276	87
187	301
114	301
112	301
523	259
525	259
218	57
100	87
123	59
269	34
293	293
201	87
79	167
80	167
81	167
82	167
83	167
84	167
85	167
86	167
187	208
132	240
133	240
218	153
225	153
223	153
224	153
30	152
289	151
290	151
115	211
211	57
212	57
278	32
187	98
1	168
2	168
3	168
4	168
5	168
6	168
7	168
8	168
9	168
10	168
163	59
223	57
224	57
225	57
123	57
235	59
13	48
13	336
46	105
508	142
59	142
110	142
536	142
93	189
94	189
98	242
99	242
13	190
289	336
187	341
187	240
500	240
22	275
16	100
17	100
343	294
203	207
241	62
134	231
135	231
172	231
175	231
173	231
522	231
277	87
169	272
170	272
287	326
271	57
156	57
279	226
280	226
143	61
333	341
112	190
316	326
12	248
67	16
68	16
539	294
124	294
312	294
165	294
130	32
266	87
30	151
30	202
159	202
160	202
112	197
115	134
130	134
12	87
539	87
391	293
487	293
477	240
481	240
112	288
93	59
203	59
207	174
120	275
339	293
93	57
229	131
230	131
231	131
232	131
285	131
4	87
66	87
483	87
159	87
160	87
293	224
158	190
148	273
177	331
131	331
6	62
110	81
187	61
223	61
224	61
274	61
274	315
274	131
234	117
229	117
276	117
314	117
331	117
336	117
390	117
467	117
509	117
512	117
71	117
169	117
170	117
422	117
423	117
115	131
291	59
502	59
503	59
504	59
130	153
16	162
17	162
412	251
94	231
481	231
136	231
137	231
211	72
212	72
194	120
195	120
229	120
106	62
107	62
130	163
187	223
187	123
133	211
30	330
293	275
21	190
30	60
269	60
197	60
198	60
218	123
223	123
224	123
225	123
539	275
13	275
156	275
316	275
53	275
54	275
290	87
106	59
107	59
130	111
150	242
209	242
52	3
103	272
124	272
412	272
490	272
117	279
130	279
147	223
422	223
423	223
365	223
273	223
173	208
175	208
173	22
175	22
111	178
181	178
189	178
20	178
249	178
197	62
198	62
342	153
519	212
520	212
521	212
169	212
170	212
192	212
158	212
114	212
16	274
17	274
130	5
11	5
12	5
98	5
99	5
100	5
185	5
111	294
204	294
299	294
13	294
95	328
169	335
170	335
345	77
482	57
249	189
134	306
135	306
172	306
175	306
173	306
522	306
13	35
58	35
98	35
99	35
100	35
14	273
15	273
162	190
163	190
19	180
187	60
117	35
269	326
412	87
142	87
18	87
178	87
1	87
2	87
3	87
328	101
113	100
152	57
526	49
518	131
342	131
120	17
133	17
211	17
212	17
13	234
58	234
120	234
104	234
156	234
269	234
297	234
340	234
353	234
159	326
160	326
517	62
15	207
159	112
160	112
505	60
293	207
55	174
519	44
520	44
521	44
231	44
169	44
170	44
203	44
114	44
534	44
119	44
10	44
345	336
357	224
358	224
359	224
361	224
360	224
366	224
367	224
368	224
369	224
370	224
371	224
113	87
205	87
262	193
431	193
506	193
182	193
95	242
9	48
1	226
3	226
8	226
203	87
122	250
345	326
249	326
142	326
112	326
106	60
107	60
187	232
115	232
117	232
135	151
151	151
202	151
18	151
19	151
14	151
15	151
19	57
195	250
54	131
53	192
538	59
170	293
197	293
5	293
237	190
238	190
482	271
130	127
130	84
263	242
111	317
115	98
274	153
132	153
133	153
30	121
274	121
132	121
133	121
53	159
54	159
124	159
115	159
102	57
142	62
336	62
109	62
312	57
134	237
135	237
172	237
175	237
173	237
522	237
333	174
164	131
122	224
177	112
178	112
110	112
316	112
395	122
290	122
134	280
144	54
142	54
537	54
176	54
177	54
316	54
110	54
215	62
215	142
213	207
115	59
53	149
54	149
271	232
130	232
342	232
197	211
198	211
136	211
137	211
502	131
503	131
504	131
108	131
536	131
516	131
132	275
133	275
53	278
521	59
42	59
43	59
216	33
115	33
117	33
537	207
187	162
14	219
15	219
211	219
212	219
213	219
213	19
125	19
215	132
215	131
58	87
219	162
100	162
7	162
505	288
207	37
105	315
355	62
58	223
411	223
346	223
306	223
345	223
297	223
300	223
294	223
295	223
258	223
113	223
271	223
112	223
114	223
115	223
55	223
204	223
281	223
333	223
290	223
528	223
525	223
230	223
232	223
199	223
200	223
18	223
355	223
21	223
274	223
12	48
14	275
15	275
280	167
30	167
117	167
136	167
137	167
292	167
360	167
366	167
367	167
350	87
145	62
226	273
158	273
485	273
77	273
472	273
186	273
412	273
22	306
218	306
223	306
224	306
225	306
274	306
280	306
41	306
42	306
43	306
103	306
111	306
101	297
187	195
53	195
54	195
293	336
218	198
223	198
224	198
225	198
72	330
73	330
280	16
422	275
423	275
328	87
204	242
165	242
175	242
175	20
279	224
223	231
210	77
293	48
205	48
108	48
325	48
326	48
327	48
109	48
284	48
314	48
103	275
314	275
159	275
160	275
328	275
171	275
67	48
18	158
19	158
201	48
139	48
274	2
218	242
154	330
102	113
103	113
526	272
14	211
15	211
225	211
106	211
107	211
218	131
201	131
186	131
225	131
237	131
238	131
210	131
183	131
144	131
205	131
211	131
212	131
184	131
185	131
122	131
53	131
146	132
1	239
2	239
3	239
6	239
8	239
7	48
53	112
54	112
111	153
338	259
307	259
126	273
120	273
122	326
459	326
20	34
41	34
42	34
43	34
106	34
107	34
122	34
111	193
55	293
134	49
135	49
172	49
175	49
173	49
522	49
124	275
183	56
136	174
137	174
75	312
460	312
5	87
502	60
526	60
251	60
252	60
37	60
38	60
74	60
150	48
132	212
130	208
169	113
170	113
178	59
177	59
316	59
178	326
177	326
105	16
140	16
519	16
520	16
521	16
145	176
11	296
12	296
99	296
98	296
100	296
183	296
218	334
218	326
31	57
323	57
165	57
48	57
39	57
410	57
131	57
403	57
508	57
190	57
333	57
253	57
254	57
259	57
74	57
236	57
511	57
148	57
397	57
475	57
460	57
187	336
105	171
269	277
291	277
171	277
55	277
125	277
118	277
216	277
236	277
292	277
173	277
174	277
237	277
238	277
227	277
211	277
169	277
170	277
94	334
204	334
313	334
229	334
187	334
396	334
336	334
328	334
276	334
310	334
484	334
130	334
138	334
139	334
264	334
265	334
420	334
425	334
426	334
130	269
204	269
136	269
137	269
13	330
53	330
54	330
144	59
11	26
12	26
187	26
98	26
99	26
197	57
198	57
1	112
2	112
3	112
4	112
5	112
6	112
7	112
8	112
9	112
10	112
447	190
199	190
200	190
131	190
474	190
213	195
215	326
350	32
121	87
275	89
471	89
41	259
42	259
43	259
22	57
121	57
142	57
157	57
182	57
188	57
196	57
210	57
230	57
231	57
235	57
280	57
289	57
294	57
295	57
319	57
325	57
326	57
327	57
344	57
359	57
380	57
392	57
538	57
100	57
101	57
108	57
113	57
179	57
184	57
185	57
191	57
192	57
219	57
250	57
251	57
252	57
255	57
257	57
260	57
262	57
267	57
277	57
278	57
281	57
284	57
287	57
302	57
306	57
334	57
335	57
336	57
340	57
341	57
343	57
349	57
396	57
407	57
406	57
408	57
409	57
412	57
312	87
460	87
293	142
204	32
524	126
374	126
375	126
437	126
420	126
421	126
117	321
55	60
162	60
181	60
193	60
357	86
10	65
55	65
130	65
187	65
103	211
345	128
135	266
240	266
240	279
19	279
522	60
523	60
115	90
115	129
131	23
135	275
30	106
156	106
144	293
537	293
328	326
169	326
170	326
537	59
279	323
280	323
192	159
171	330
356	48
299	59
279	8
130	174
102	116
134	116
304	116
335	116
6	116
452	116
285	116
204	192
293	57
344	335
11	250
12	250
55	275
187	153
11	293
12	293
98	293
99	293
320	273
262	99
53	249
54	249
518	62
218	170
243	131
411	131
91	131
56	131
2	131
1	131
3	131
202	132
203	132
215	195
322	59
323	59
8	48
519	60
520	60
521	60
176	60
207	163
211	275
212	275
120	141
112	141
260	141
474	141
109	141
282	141
416	141
197	132
198	132
67	232
68	232
215	232
241	132
431	188
286	188
465	188
307	188
98	207
114	190
207	146
131	146
169	60
53	272
54	272
156	41
138	315
139	315
199	315
200	315
134	315
16	315
17	315
211	48
212	48
353	57
218	177
223	177
224	177
225	177
130	211
164	288
95	32
283	32
349	32
123	32
132	32
133	32
280	224
172	32
173	32
174	32
204	62
9	232
124	232
237	326
238	326
208	86
117	326
213	326
291	326
292	326
171	326
109	326
338	326
536	326
147	326
93	326
276	326
442	326
68	326
132	326
133	326
354	326
205	326
67	326
11	326
12	326
58	326
406	326
407	326
30	326
386	326
448	326
404	326
250	326
393	326
144	326
376	326
377	326
475	326
451	326
484	326
396	326
392	326
283	326
366	326
367	326
368	326
369	326
263	326
387	326
388	326
146	326
378	326
372	326
373	326
390	326
497	326
183	326
158	326
456	326
194	275
195	275
142	275
164	275
271	275
219	275
144	275
458	275
472	275
505	275
134	216
135	216
172	216
175	216
173	216
522	216
269	87
183	87
13	207
215	259
502	132
503	132
504	132
525	146
155	87
215	293
1	280
2	280
3	280
5	280
93	280
227	280
396	280
138	280
139	280
173	280
174	280
207	280
235	280
417	280
418	280
419	280
145	118
293	228
58	228
105	228
176	228
178	228
110	228
267	207
267	86
57	294
519	62
521	62
250	87
214	338
209	338
207	145
214	145
209	145
102	132
502	326
503	326
504	326
150	180
209	180
115	195
130	195
237	112
238	112
54	185
142	335
21	335
205	335
204	220
310	44
208	274
345	207
522	242
523	242
224	16
240	132
202	207
235	273
20	142
395	48
396	48
45	48
44	48
182	131
78	57
163	89
350	89
134	162
274	32
218	43
223	43
148	326
288	326
293	323
269	132
26	301
333	301
470	301
52	301
31	301
149	301
500	301
153	301
476	301
511	301
41	16
42	16
43	16
251	48
252	48
253	48
254	48
255	48
256	48
257	48
439	335
11	86
306	326
100	336
176	211
177	211
178	211
502	308
503	308
504	308
349	308
148	308
517	308
112	308
205	308
513	308
284	207
175	272
150	286
209	286
211	286
212	286
136	286
137	286
276	286
439	286
94	286
16	286
17	286
461	326
436	326
139	87
260	87
383	286
156	326
141	132
187	101
156	101
218	101
223	101
224	101
225	101
176	101
177	101
178	101
241	57
215	224
187	235
213	163
163	3
350	3
333	100
40	168
208	48
215	48
464	232
438	232
488	232
311	232
201	232
489	187
502	57
503	57
504	57
522	273
30	211
189	87
216	87
20	293
439	293
191	188
263	188
30	87
136	87
137	87
7	87
333	281
14	281
15	281
144	281
317	48
179	48
315	48
97	48
524	48
507	48
472	48
157	48
155	48
206	48
247	48
406	48
407	48
116	48
517	48
126	259
117	259
272	259
287	259
519	259
520	259
521	259
274	180
188	240
130	240
431	250
187	228
138	190
139	190
41	132
42	132
43	132
16	226
17	226
132	48
133	48
7	91
8	91
241	184
161	335
322	335
202	198
203	198
114	132
202	163
157	59
169	184
170	184
187	183
22	86
519	86
520	86
521	86
177	87
235	86
58	168
187	78
1	78
2	78
3	78
223	59
224	59
98	48
177	91
4	48
69	60
70	60
142	59
188	59
313	59
126	35
168	209
115	209
260	48
164	326
53	16
54	16
241	41
293	41
101	207
182	250
187	211
108	211
277	211
52	211
55	211
187	317
241	317
115	317
117	317
354	317
114	317
223	317
224	317
1	113
2	113
3	113
4	113
5	113
6	113
7	113
8	113
9	113
10	113
172	87
140	119
102	326
350	57
96	117
95	315
10	48
22	228
29	133
394	57
237	57
238	57
187	180
187	165
142	273
22	87
157	207
205	130
201	86
312	242
519	336
216	336
18	307
223	307
224	307
225	307
225	48
366	48
367	48
114	59
118	48
4	69
214	335
150	306
209	306
110	28
170	319
322	273
323	273
162	326
134	187
135	187
172	187
173	187
142	158
144	158
220	318
439	318
241	275
121	273
187	179
130	217
61	87
90	87
434	87
58	207
210	207
130	197
93	187
136	272
137	272
138	272
139	272
140	272
132	272
133	272
223	272
111	272
224	272
263	330
165	330
10	45
222	48
308	48
329	48
187	25
162	175
163	175
530	85
532	85
533	85
53	132
431	50
178	86
313	86
106	57
107	57
121	134
1	117
2	117
3	117
115	291
274	89
53	184
54	184
183	292
376	292
377	292
500	292
425	292
426	292
111	163
359	60
360	60
103	59
393	59
394	59
395	59
396	59
397	59
41	59
540	35
311	35
114	166
344	86
227	57
112	35
131	202
132	202
133	202
1	326
2	326
3	326
289	326
290	326
395	326
229	326
230	326
231	326
232	326
233	326
234	326
171	190
293	87
269	259
174	86
357	199
134	148
135	148
172	148
175	148
173	148
522	148
274	296
169	296
230	86
144	52
156	335
130	335
132	91
133	91
207	91
218	91
18	91
20	91
55	91
154	91
169	91
170	91
178	91
282	91
410	91
207	48
131	59
215	59
187	115
204	115
293	115
501	115
115	115
117	115
203	115
502	115
503	115
504	115
223	115
224	115
272	115
111	115
95	115
191	115
449	115
522	115
19	115
189	115
188	115
284	115
157	115
158	115
5	115
113	115
235	115
93	293
4	153
5	151
208	151
124	151
194	57
263	162
210	151
117	266
378	290
391	290
405	290
258	290
235	191
41	211
411	211
425	211
426	211
296	243
55	87
210	330
239	330
30	48
224	293
274	242
94	57
144	57
72	317
73	317
483	48
431	48
187	14
98	36
99	36
100	36
235	36
236	36
237	36
238	36
239	36
236	326
21	275
522	275
130	136
120	247
211	230
212	230
400	207
284	283
366	198
367	198
368	198
369	198
437	198
490	198
522	293
523	293
55	168
204	142
241	142
539	142
203	335
329	335
412	207
218	86
30	200
194	146
280	146
489	146
204	146
187	311
241	311
19	311
114	311
124	311
429	311
453	311
288	311
123	179
249	131
156	179
193	179
178	179
110	179
508	326
297	326
223	235
224	235
218	235
225	235
261	108
134	286
175	286
186	286
157	293
5	61
13	61
53	61
54	61
112	61
169	61
170	61
114	61
102	48
510	60
475	60
213	60
437	60
225	60
472	60
101	60
272	60
330	60
113	60
492	60
314	60
302	60
124	60
199	60
200	60
230	60
172	60
231	60
285	60
111	60
299	60
125	60
250	60
284	60
328	60
67	132
68	132
136	188
138	198
139	198
283	181
341	181
105	181
196	181
332	181
310	57
120	231
202	231
472	231
540	231
133	184
200	57
199	57
175	336
210	117
175	162
14	326
15	326
5	170
109	273
98	273
263	87
207	87
289	87
129	138
296	138
318	138
274	272
123	232
132	232
333	132
139	275
336	324
311	87
299	87
218	200
223	200
224	200
212	207
346	326
427	326
313	336
112	142
109	228
218	228
225	228
7	330
125	330
114	272
132	62
133	62
348	62
112	62
18	62
283	62
151	62
186	62
174	62
523	62
109	87
46	87
207	275
16	275
17	275
110	151
211	77
212	77
201	207
187	217
51	59
102	211
505	211
283	211
145	211
276	211
439	87
93	292
171	292
177	292
53	292
54	292
276	292
319	292
208	292
344	292
158	59
112	60
114	60
22	60
161	60
58	60
22	207
111	190
19	259
526	259
502	259
539	259
192	59
98	271
99	271
187	270
241	188
130	188
432	188
53	206
54	206
67	206
68	206
240	206
186	206
131	178
182	112
227	95
187	95
130	95
221	48
274	214
55	98
144	272
501	269
242	190
136	89
137	89
529	326
19	52
52	52
108	52
109	52
114	52
134	52
140	52
141	52
142	52
135	52
151	52
173	52
174	52
217	52
225	52
248	52
331	52
412	52
438	52
483	52
526	52
299	52
192	77
188	211
236	228
111	112
117	112
158	112
225	112
472	112
478	112
111	208
129	330
144	330
287	330
293	330
519	330
520	330
521	330
259	330
106	224
107	224
123	224
132	224
133	224
136	224
527	224
118	57
505	293
393	87
19	181
526	181
130	33
172	336
173	336
174	336
202	33
505	59
123	86
132	86
353	86
136	326
137	326
142	288
460	48
30	89
30	161
287	161
302	207
20	87
16	87
17	87
312	48
53	180
54	180
114	180
182	180
505	180
14	60
15	60
19	242
214	132
472	226
235	188
94	60
108	60
171	60
274	142
21	336
98	117
99	117
188	87
13	335
103	335
123	335
131	335
150	335
215	335
20	266
115	229
163	229
208	168
241	298
199	87
522	317
523	317
519	142
520	142
521	142
98	34
99	34
124	34
131	34
165	34
207	34
348	34
420	34
152	225
199	225
200	225
225	225
281	59
472	59
220	87
472	326
313	190
134	272
135	272
172	272
173	272
522	272
439	326
4	203
123	267
132	267
133	267
447	57
176	181
13	296
175	296
216	296
280	296
502	296
503	296
504	296
241	117
52	142
53	142
54	142
238	48
22	335
55	335
202	335
219	335
299	335
198	48
178	77
261	286
348	87
477	48
115	250
223	286
224	286
181	256
4	293
329	293
227	293
228	293
241	194
30	318
123	318
132	318
133	318
157	318
333	318
161	16
6	131
128	131
505	311
53	187
54	187
105	48
270	59
134	336
127	16
128	16
241	208
106	250
107	250
208	131
366	207
367	207
307	132
539	228
207	207
502	228
503	228
504	228
22	132
197	131
198	131
489	57
53	248
54	248
117	248
157	248
158	248
184	248
202	248
274	248
279	248
280	248
299	248
302	248
502	335
503	335
504	335
218	232
223	232
224	232
215	107
7	206
111	206
172	206
525	206
53	62
54	62
123	243
123	303
131	243
131	303
16	112
17	112
275	259
178	330
158	336
186	336
271	336
277	336
279	336
280	336
520	336
521	336
364	336
365	336
381	336
382	336
50	293
218	293
53	59
54	59
274	190
213	142
20	282
14	114
15	114
130	42
114	115
41	77
42	77
465	57
122	87
260	177
36	57
520	224
521	224
41	62
42	62
192	62
160	48
188	46
55	228
113	188
121	217
145	131
355	131
279	172
280	172
537	87
41	318
42	318
115	335
229	142
230	142
231	142
232	142
233	142
234	142
161	224
136	336
137	336
4	117
5	117
192	198
225	170
119	87
152	87
190	87
271	87
333	87
445	87
490	87
211	87
212	87
30	275
241	293
162	117
163	117
320	241
59	57
90	57
192	117
538	117
353	273
412	132
162	59
187	28
100	59
130	193
269	225
225	335
366	306
367	306
368	306
369	306
306	293
299	293
130	117
144	117
175	117
181	259
219	86
275	87
522	131
523	131
95	94
191	94
335	33
154	48
18	169
173	169
174	169
475	169
118	334
119	334
174	334
244	334
245	334
246	334
250	98
215	228
127	301
128	301
132	301
133	301
390	301
430	301
447	301
188	112
176	159
178	159
72	48
73	48
157	112
485	293
67	273
68	273
4	311
271	151
30	293
138	288
171	112
106	132
107	132
123	272
130	58
187	58
141	273
240	273
287	273
410	273
121	48
297	48
306	48
110	224
537	224
125	293
112	240
204	214
223	257
224	257
414	326
415	326
120	48
126	48
13	59
101	59
277	59
526	59
125	59
130	146
103	117
219	117
132	7
133	7
58	49
111	36
117	36
130	36
157	36
158	36
172	36
173	36
174	36
204	36
336	36
389	36
106	335
107	335
485	335
535	335
125	326
58	272
308	272
318	272
319	272
200	168
130	35
164	132
328	117
349	251
134	250
175	250
204	250
182	336
288	329
127	293
128	293
148	48
197	251
198	251
288	330
270	190
168	293
41	293
42	293
43	293
55	177
130	177
362	207
363	207
14	48
15	48
263	131
223	212
224	212
124	184
187	259
294	131
295	131
224	231
293	132
114	225
188	259
211	117
212	117
287	77
316	87
218	272
218	191
223	191
224	191
502	142
503	142
504	142
214	207
214	60
53	243
54	243
113	250
182	277
53	326
54	326
134	208
346	184
439	207
502	207
503	207
504	207
205	293
147	87
195	87
270	87
510	87
162	228
163	228
165	275
14	208
15	208
223	208
224	208
126	132
150	132
209	132
74	86
262	207
214	64
162	207
425	57
426	57
279	293
483	251
431	251
189	275
304	223
197	254
198	254
124	317
54	336
161	272
98	63
99	63
281	254
539	60
540	60
170	60
225	251
132	132
133	132
493	57
123	259
102	60
105	207
105	251
223	273
224	273
74	48
98	198
99	198
189	132
285	336
229	336
519	132
520	132
192	132
201	117
127	253
128	253
250	293
538	293
208	60
211	224
212	224
503	259
100	128
250	238
114	208
205	208
310	62
169	93
170	93
115	73
122	73
162	73
163	73
134	113
201	113
181	132
414	132
415	132
502	224
503	224
504	224
22	113
204	272
502	87
503	87
504	87
106	189
107	189
115	244
111	325
130	325
124	63
182	228
197	223
198	223
136	168
137	168
20	132
124	162
223	82
224	82
114	259
187	169
322	153
187	56
162	48
124	59
11	272
12	272
100	272
269	57
53	228
54	228
287	228
239	293
269	207
178	214
241	294
452	228
123	174
214	190
161	242
235	242
152	259
218	224
223	224
224	224
134	240
175	240
283	142
112	132
130	97
114	81
105	268
537	132
197	86
198	86
342	73
241	86
133	193
537	273
313	162
354	162
205	132
352	151
115	42
518	142
122	254
135	32
282	87
218	151
55	85
131	120
130	169
519	250
520	250
13	117
539	117
115	295
191	295
122	132
539	131
106	251
107	251
124	117
133	273
93	131
188	131
262	131
264	131
265	131
258	131
259	131
53	208
54	208
481	57
115	87
133	86
142	336
305	243
236	337
237	337
238	337
237	251
238	251
146	273
187	272
41	60
42	60
43	60
291	48
52	86
53	86
54	86
505	48
103	326
287	251
41	275
42	275
43	275
158	251
267	87
227	326
19	205
114	162
115	170
106	207
107	207
235	132
201	159
123	251
219	326
171	251
192	64
169	64
170	64
171	64
46	117
393	113
394	113
395	113
396	113
397	113
398	113
399	113
400	113
151	224
202	272
294	306
295	306
95	151
13	60
176	326
161	132
106	273
107	273
175	153
124	190
276	190
94	112
285	87
93	87
227	87
330	87
523	273
111	87
205	169
105	259
41	224
42	224
43	224
241	335
108	335
111	335
125	250
239	60
525	132
146	293
150	251
209	251
255	312
256	312
349	312
338	207
129	293
188	272
163	339
210	87
130	180
55	224
102	251
225	326
106	142
107	142
299	63
214	153
207	113
208	113
235	208
161	331
348	336
269	293
156	273
160	273
151	250
169	235
170	235
122	59
539	100
123	117
216	117
14	117
15	117
93	117
94	117
164	117
176	117
188	117
329	117
214	117
330	117
439	117
236	117
134	283
135	283
172	283
173	283
175	283
522	283
53	231
54	231
157	87
204	41
202	266
98	272
99	272
21	59
240	59
73	60
505	131
214	336
162	336
163	336
202	336
114	327
348	327
136	327
137	327
11	327
12	327
8	327
72	87
73	87
502	336
503	336
504	336
328	57
213	146
114	146
522	146
523	146
335	59
197	275
198	275
354	56
189	142
342	57
145	326
198	330
280	272
357	48
102	207
103	207
263	36
293	273
272	87
476	275
348	59
147	59
120	59
22	273
135	62
150	272
209	272
174	272
227	98
202	273
304	132
22	330
522	330
523	330
106	259
107	259
130	98
110	40
316	40
502	40
503	40
504	40
517	254
34	326
444	151
108	132
372	48
373	48
114	142
113	16
177	132
348	259
214	87
201	326
53	219
54	219
68	48
276	35
519	184
520	184
521	184
472	87
235	87
445	48
203	231
192	250
463	57
101	131
359	146
72	214
73	214
126	293
55	77
6	59
9	59
5	181
335	24
511	24
120	24
121	24
126	24
112	212
100	163
361	173
193	132
203	62
131	326
322	293
